  0.460806
  1.955244
  3.665746
  5.664880
  7.608641
  9.464755
 11.477314
 13.371080
 15.562852
 18.559156
 22.189524
 25.077845
 26.878353
  0.776657
  1.486293
  2.498302
  3.141161
  3.494185
  3.758657
  4.447484
  6.241035
  8.683204
 11.378776
 14.626706
 17.995390
 21.844395
  1.067917
  1.624126
  3.018134
  4.741604
  6.586514
  9.063940
 11.190017
 12.770605
 13.949708
 15.405730
 17.791504
 20.742731
 23.335615
  0.413876
  1.312439
  2.136630
  2.815029
  3.809877
  4.976324
  6.217911
  7.928273
 11.147130
 17.457172
 27.814632
 38.817810
 46.603912
  1.000906
  1.843963
  3.574824
  5.682249
  7.863925
 10.055545
 11.933192
 13.376638
 14.569217
 15.886210
 18.314426
 21.478083
 24.472769
  1.153650
  1.844033
  3.438316
  5.634359
  8.255157
 11.060084
 13.554992
 15.458077
 16.953125
 18.809788
 21.974291
 26.123066
 30.030487
  0.538119
  1.670866
  3.069848
  5.357511
  8.094167
 10.518362
 11.377507
 11.099552
 10.198016
  9.532029
 12.035429
 18.438562
 25.639990
  1.106084
  1.851309
  3.437040
  5.346442
  7.855234
 10.375572
 12.509203
 14.117669
 15.368422
 16.915318
 19.450083
 22.691658
 25.768446
  0.646933
  1.706612
  2.470209
  3.357625
  4.385558
  5.866587
  8.244334
 12.412519
 17.934496
 22.991940
 26.625021
 28.736540
 29.427437
  0.715934
  1.869499
  3.201637
  4.582332
  6.372523
  8.618447
 11.841138
 16.878523
 22.946905
 29.005960
 34.629910
 38.073143
 39.105625
  1.282472
  1.822999
  2.769053
  4.077160
  5.345429
  6.608464
  8.309770
 11.209470
 15.216523
 19.800760
 23.654213
 27.026852
 29.269156
  0.635222
  1.716718
  3.022840
  4.247938
  5.918385
  8.108590
 13.380631
 22.243410
 30.840822
 34.993961
 37.455536
 38.697403
 37.998127
  1.219229
  1.889645
  3.047326
  4.430553
  5.742421
  7.115716
  9.055912
 12.342831
 16.831245
 21.659407
 25.571699
 29.140182
 31.683359
  1.232745
  1.888262
  3.065303
  4.541097
  5.925770
  7.288640
  9.116549
 12.332705
 16.873901
 22.098949
 26.588753
 30.531557
 33.213547
  1.287300
  1.991417
  3.305271
  4.918988
  6.404634
  7.837006
  9.762376
 13.116340
 17.652842
 22.614632
 26.683392
 30.105673
 32.380798
  0.601487
  1.550956
  2.428823
  3.344171
  4.112012
  5.408392
  7.422104
 11.285520
 17.062538
 22.820919
 26.587854
 28.447891
 34.755531
  0.703298
  1.415183
  2.482643
  3.671412
  6.038877
 10.213947
 16.164980
 22.822020
 27.341070
 29.504641
 30.508802
 30.376881
 29.237667
  0.547825
  1.428830
  2.493705
  3.357379
  5.475874
  8.957629
 13.886126
 20.084375
 26.476290
 32.507584
 37.311115
 39.874760
 39.644505
  0.482639
  1.329354
  2.245689
  2.628822
  3.959687
  6.099942
  9.363252
 13.797452
 18.779446
 24.378250
 29.732105
 33.166328
 33.055813
  0.738490
  1.250272
  2.065613
  3.291847
  5.785541
 10.190702
 16.392748
 23.216377
 28.038805
 30.781744
 31.961836
 31.340303
 29.281984
  1.171913
  1.383682
  2.339307
  3.945028
  6.623082
 10.533634
 15.515131
 20.571718
 24.869221
 28.063738
 30.050129
 30.281507
 28.153086
  1.274569
  1.515725
  2.427222
  4.014739
  6.772213
 10.860482
 16.265200
 21.700750
 26.112827
 29.589161
 31.757521
 31.872259
 29.422310
  1.253001
  1.457586
  2.365655
  3.903802
  6.617438
 10.608692
 15.760541
 21.007010
 25.440090
 28.712816
 30.566538
 30.487101
 27.979635
  1.301334
  1.540613
  2.469000
  4.051508
  6.734002
 10.649408
 15.825845
 21.209503
 25.740446
 29.358009
 31.919191
 32.898571
 31.467558
  0.830477
  1.694631
  3.275857
  5.634756
  9.041487
 12.821371
 16.757061
 20.929571
 24.485451
 25.875599
 25.226686
 23.922014
 22.958117
  1.003918
  2.039506
  4.110632
  6.870600
 10.586955
 14.966632
 19.791739
 24.921047
 29.787277
 33.002769
 33.510738
 32.606750
 32.337273
  0.631253
  1.590791
  3.128201
  5.396544
  7.990030
 11.051500
 14.539546
 18.765184
 23.675901
 28.483864
 30.886908
 30.902651
 30.455503
  0.988108
  1.754972
  3.497978
  6.217145
 10.008138
 14.099777
 18.641758
 23.624485
 27.944408
 30.246544
 30.461700
 29.851814
 29.826254
  1.346224
  2.000253
  4.209728
  7.429032
 11.114056
 14.795311
 18.515184
 21.928036
 24.190931
 24.645340
 23.474686
 22.315027
 22.257347
  1.408901
  2.118524
  4.352984
  7.481043
 11.064998
 14.683562
 18.369341
 21.703224
 23.956215
 24.339596
 22.928280
 21.625952
 21.535101
  0.295146
  1.389169
  2.598944
  3.620311
  5.192652
  6.931992
  9.143645
 12.281411
 16.336693
 20.194122
 22.237976
 22.139580
 20.922901
  1.382986
  2.091652
  4.144578
  7.113557
 10.640253
 14.244884
 17.991814
 21.540586
 24.240822
 25.336256
 24.802267
 24.177048
 24.703505
  0.518754
  2.068220
  3.885557
  5.641489
  7.556548
  9.893693
 12.400703
 14.689873
 16.515676
 18.712444
 21.331198
 23.247599
 23.049480
  1.001460
  2.117321
  4.242770
  6.541516
  8.741485
 10.754364
 12.513953
 13.852725
 14.730357
 17.086874
 21.261951
 24.622572
 25.891645
  0.889112
  2.025285
  3.878469
  6.147331
  8.261810
 10.490071
 12.959859
 15.546460
 18.244015
 22.066202
 27.186508
 30.887295
 31.682468
  0.962918
  1.840743
  3.719588
  5.633433
  7.844593
  9.965247
 12.142804
 14.317552
 16.540241
 19.270386
 23.262123
 26.821556
 27.822069
  1.039100
  1.776367
  3.332362
  5.135976
  7.003321
  8.843368
 10.393428
 11.694623
 12.905864
 14.642279
 18.070482
 22.384735
 25.752899
  1.035146
  1.610292
  3.109313
  4.926625
  6.742733
  8.560609
 10.127411
 11.486522
 12.441039
 14.168586
 17.772264
 22.470516
 25.765162
  1.050696
  1.665203
  3.253413
  5.142333
  7.020819
  8.835640
 10.359656
 11.654246
 12.542689
 13.930072
 16.802120
 20.636568
 24.054321
  1.161322
  1.795651
  3.510434
  5.594075
  7.699097
  9.866555
 11.895827
 13.640318
 15.017169
 17.154703
 21.166046
 25.687410
 28.819950
  1.029881
  1.423841
  1.807976
  2.305714
  2.944167
  3.552886
  4.583864
  6.790705
 10.020115
 13.540642
 16.530251
 18.675514
 19.860962
  1.138113
  1.580781
  1.795048
  2.029589
  2.192775
  2.614951
  3.014229
  4.120513
  6.249999
  9.649276
 14.033776
 18.320984
 22.028662
  0.995528
  1.462684
  1.908677
  2.379846
  2.971256
  3.606978
  4.419965
  6.091971
  8.871873
 12.376473
 15.930345
 19.536945
 22.846058
  1.103112
  1.769826
  2.046457
  2.409948
  2.886431
  3.301897
  4.033589
  5.808424
  8.915635
 13.173395
 17.345947
 20.277620
 22.141977
  1.124248
  1.683995
  2.475313
  3.534515
  4.638953
  5.960825
  8.028901
 11.719163
 16.640177
 21.244837
 24.940819
 27.723366
 29.060959
  1.155473
  1.701763
  2.440378
  3.466186
  4.580092
  5.967079
  8.173281
 11.972776
 17.122452
 21.655773
 24.550568
 26.498581
 27.045269
  1.128129
  1.671639
  2.450523
  3.497909
  4.592887
  5.892308
  7.878267
 11.229720
 15.809391
 20.496021
 24.079094
 27.154747
 29.111147
  1.119467
  1.719798
  2.571493
  3.767024
  5.057493
  6.549095
  8.914950
 13.098857
 18.116066
 22.243868
 24.830208
 26.004719
 25.642170
  1.160924
  1.557613
  2.100928
  3.023605
  4.411738
  6.825221
 10.305896
 14.117664
 17.189714
 19.356266
 20.861412
 20.979139
 19.851414
  1.145946
  1.356340
  1.684099
  2.245290
  3.377070
  5.282054
  8.410376
 12.601112
 16.733389
 19.912600
 20.889969
 20.098305
 17.431313
  1.213103
  1.375326
  1.992199
  2.895897
  4.616974
  7.426445
 11.315458
 15.784958
 20.235847
 24.028364
 26.483841
 26.943167
 24.907362
  1.028787
  1.377698
  1.829487
  2.505635
  4.014689
  6.819060
 10.893982
 15.126201
 18.080610
 20.250866
 21.147705
 20.502848
 18.244194
  1.186908
  1.425112
  2.113726
  3.520293
  6.162132
 10.034849
 14.494823
 19.307438
 23.225506
 25.909683
 27.696386
 28.430328
 28.252489
  1.153691
  1.445289
  2.133259
  3.391658
  5.783302
  9.544918
 13.883434
 17.891687
 21.208241
 23.815083
 25.306541
 25.414186
 24.783207
  1.263669
  1.471515
  2.354417
  3.930716
  6.652604
 10.631400
 15.434531
 20.199186
 24.398163
 27.566689
 29.781586
 30.510952
 29.795301
  0.625266
  2.350000
  4.108603
  6.408854
  9.781957
 13.539998
 14.939847
 15.455227
 24.207970
 10.278684
  9.701619
 15.214943
 19.277617
  1.388355
  1.949933
  3.752214
  6.665491
 10.091893
 13.134531
 15.547677
 17.443844
 18.203485
 17.599928
 16.494850
 15.597313
 15.559706
  1.132172
  1.832749
  3.301178
  6.056439
  9.969516
 12.716115
 12.903323
 11.454547
  8.562579
  6.356499
  6.271078
  6.716937
  7.359383
  1.440785
  1.918043
  3.609562
  6.466536
 10.238051
 14.172904
 18.238878
 21.894377
 23.848648
 23.210161
 20.912241
 18.004503
 15.145990
  0.770323
  1.454306
  2.121875
  2.700009
  3.310466
  4.258736
  4.790931
  6.293543
  7.426355
  7.592268
  6.940593
  6.571915
  7.833381
  1.279248
  2.071456
  4.084873
  6.711516
  9.713994
 12.757531
 15.480156
 18.119617
 20.167969
 21.290989
 21.460058
 21.000067
 20.381718
  1.303181
  1.951502
  3.804310
  6.549827
  9.434319
 11.950838
 14.490697
 17.530136
 19.860628
 21.307962
 21.758215
 21.555031
 21.421673
  1.385577
  2.009355
  4.171208
  7.458307
 11.166657
 14.683575
 17.952438
 20.930681
 22.896542
 23.620918
 23.661282
 23.471405
 23.853127
  0.372960
  1.432203
  2.757945
  3.448588
  4.525536
  5.559076
  6.946739
  8.923728
 10.706203
 11.731690
 11.511094
 10.347864
  8.617971
  0.000000
  0.062115
  0.157195
  0.266843
  0.388664
  0.519827
  0.639076
  0.735998
  0.832898
  0.977735
  1.206302
  1.488647
  1.765910
  0.000000
  0.050888
  0.056079
  0.058727
  0.070331
  0.083698
  0.105230
  0.133525
  0.166232
  0.203786
  0.295862
  0.480834
  0.743420
  0.000000
  0.129207
  0.193832
  0.225698
  0.273326
  0.327074
  0.381693
  0.406605
  0.399824
  0.391438
  0.450988
  0.741183
  1.224492
  0.000000
  0.374943
  0.630856
  0.755973
  0.889205
  1.095108
  1.290441
  1.511647
  1.664727
  1.867347
  2.343431
  3.199041
  4.321054
  0.000000
  0.004859
  0.007765
  0.025308
  0.058117
  0.096445
  0.139639
  0.181776
  0.221820
  0.268704
  0.347205
  0.461663
  0.608713
  0.000000
  0.069231
  0.118153
  0.172561
  0.228861
  0.289285
  0.346304
  0.403020
  0.451956
  0.501036
  0.542279
  0.600269
  0.676006
  0.000000
  0.008400
  0.039002
  0.068941
  0.094115
  0.115913
  0.129599
  0.134095
  0.126791
  0.108268
  0.078926
  0.086332
  0.185808
  0.000000
  0.024524
  0.041082
  0.053926
  0.064593
  0.081506
  0.084071
  0.117927
  0.188339
  0.314824
  0.569278
  0.983415
  1.537270
  0.000000
  0.068906
  0.153065
  0.239327
  0.327281
  0.427346
  0.568590
  0.804004
  1.126603
  1.491446
  1.860839
  2.199595
  2.474699
  0.000000
  0.022960
  0.029175
  0.049822
  0.077440
  0.109025
  0.139619
  0.210497
  0.368142
  0.621367
  0.951252
  1.304662
  1.672295
  0.000000
  0.010215
  0.022670
  0.030854
  0.035259
  0.041555
  0.061534
  0.119235
  0.229419
  0.402628
  0.606030
  0.830864
  1.049269
  0.000000
  0.044517
  0.068906
  0.069988
  0.077388
  0.082905
  0.085942
  0.165738
  0.443287
  0.791938
  1.189998
  1.519760
  1.779760
  0.000000
  0.014450
  0.041951
  0.075632
  0.112297
  0.146733
  0.176537
  0.236044
  0.339571
  0.489951
  0.675735
  0.866439
  1.041938
  0.000000
  0.027094
  0.072522
  0.150314
  0.236269
  0.295249
  0.330769
  0.413063
  0.649622
  1.035620
  1.463032
  1.895423
  2.289113
  0.000000
  0.008884
  0.016693
  0.023251
  0.031804
  0.040764
  0.053381
  0.085448
  0.150508
  0.258265
  0.409758
  0.573243
  0.740240
  0.000000
  0.007438
  0.015363
  0.024069
  0.037026
  0.055077
  0.085485
  0.147433
  0.246928
  0.381928
  0.535732
  0.693983
  0.839942
  0.000000
  0.060231
  0.129825
  0.234992
  0.413251
  0.669781
  0.999098
  1.363709
  1.702316
  2.000577
  2.271659
  2.496302
  2.602483
  0.000000
  0.024276
  0.050968
  0.082558
  0.160506
  0.316692
  0.547570
  0.833921
  1.150607
  1.509148
  1.837234
  2.094395
  2.237007
  0.000000
  0.012098
  0.029448
  0.051714
  0.113634
  0.238463
  0.433351
  0.694171
  0.992548
  1.307378
  1.635843
  1.934209
  2.161206
  0.000000
  0.041266
  0.085384
  0.116142
  0.152624
  0.382733
  0.742553
  1.155048
  1.529519
  1.863313
  2.178032
  2.409484
  2.545376
  0.000000
  0.020088
  0.045025
  0.071907
  0.127872
  0.228762
  0.377882
  0.559207
  0.743380
  0.916708
  1.089507
  1.244433
  1.369316
  0.000000
  0.009382
  0.018813
  0.033777
  0.067009
  0.125447
  0.216357
  0.341327
  0.488442
  0.628038
  0.778961
  0.936674
  1.087954
  0.000000
  0.008186
  0.017957
  0.029266
  0.057559
  0.115254
  0.201675
  0.323889
  0.460874
  0.604629
  0.744842
  0.884190
  0.998922
  0.000000
  0.013553
  0.025484
  0.046653
  0.089046
  0.161144
  0.268850
  0.404084
  0.546384
  0.683899
  0.828405
  0.978896
  1.124091
  0.000000
  0.076759
  0.215208
  0.417783
  0.673403
  0.941887
  1.206705
  1.478323
  1.732988
  1.900921
  1.975634
  2.023083
  2.162577
  0.000000
  0.057721
  0.166593
  0.333673
  0.558653
  0.821022
  1.108484
  1.376563
  1.577968
  1.672117
  1.644381
  1.500119
  1.401077
  0.000000
  0.029259
  0.099092
  0.220773
  0.383566
  0.579745
  0.794782
  1.013829
  1.221259
  1.402220
  1.538217
  1.595253
  1.736050
  0.000000
  0.059926
  0.308666
  0.682107
  1.117056
  1.555753
  1.970990
  2.337014
  2.577989
  2.700554
  2.799942
  2.822197
  2.925991
  0.000000
  0.028058
  0.091950
  0.196245
  0.338963
  0.482759
  0.619630
  0.744943
  0.868038
  0.973484
  1.054730
  1.117339
  1.183782
  0.000000
  0.016091
  0.055802
  0.127048
  0.233592
  0.357643
  0.488902
  0.631776
  0.779026
  0.920357
  1.043932
  1.154935
  1.300855
  0.000000
  0.013493
  0.043592
  0.096461
  0.174009
  0.268065
  0.357884
  0.461889
  0.562847
  0.656551
  0.738715
  0.813414
  0.911649
  0.000000
  0.017045
  0.056855
  0.130414
  0.237940
  0.356071
  0.476041
  0.601169
  0.734014
  0.858803
  0.965948
  1.040300
  1.094810
  0.000000
  0.119316
  0.290523
  0.480797
  0.678260
  0.868439
  1.021433
  1.145849
  1.266525
  1.463416
  1.796168
  2.177075
  2.387581
  0.000000
  0.118804
  0.294435
  0.488415
  0.675842
  0.829010
  0.940829
  0.931592
  0.880173
  0.925214
  1.141006
  1.550510
  2.032306
  0.000000
  0.083571
  0.213725
  0.363843
  0.524751
  0.677687
  0.816394
  0.963515
  1.075743
  1.290288
  1.707245
  2.289305
  2.836773
  0.000000
  0.124632
  0.300734
  0.483458
  0.652582
  0.811877
  0.939416
  1.068499
  1.183214
  1.381515
  1.747997
  2.263685
  2.728617
  0.000000
  0.053602
  0.138822
  0.237602
  0.337015
  0.431247
  0.515236
  0.586886
  0.656839
  0.739114
  0.861095
  0.970673
  1.535931
  0.000000
  0.047049
  0.129523
  0.231445
  0.348294
  0.468973
  0.586988
  0.695334
  0.805543
  0.968613
  1.228655
  1.505157
  1.587942
  0.000000
  0.036668
  0.100211
  0.180068
  0.270392
  0.368908
  0.462262
  0.546708
  0.628953
  0.739126
  0.932919
  1.165217
  1.356921
  0.000000
  0.045040
  0.117404
  0.202795
  0.292055
  0.380145
  0.467285
  0.546605
  0.618609
  0.692497
  0.768945
  0.971752
  1.044471
  0.000000
  0.115479
  0.241561
  0.355372
  0.474834
  0.634646
  0.886272
  1.325863
  1.924714
  2.523301
  2.932908
  3.060801
  2.873570
  0.000000
  0.125791
  0.254089
  0.364079
  0.374453
  0.431962
  0.506557
  0.704567
  1.026217
  1.457499
  2.042321
  2.595806
  2.862522
  0.000000
  0.096460
  0.211693
  0.323857
  0.454469
  0.600155
  0.811213
  1.199323
  1.799974
  2.497319
  3.092680
  3.535576
  3.557835
  0.000000
  0.125955
  0.253068
  0.372951
  0.487118
  0.577982
  0.685047
  0.993253
  1.514478
  2.106459
  2.517823
  2.724038
  3.575344
  0.000000
  0.061686
  0.139943
  0.218090
  0.294565
  0.363690
  0.439388
  0.551360
  0.671521
  0.804656
  1.498812
  2.285019
  2.321056
  0.000000
  0.060464
  0.139830
  0.226720
  0.307305
  0.378784
  0.455505
  0.578809
  0.747999
  0.891817
  1.046245
  1.191818
  1.920979
  0.000000
  0.049674
  0.121750
  0.199980
  0.275781
  0.345499
  0.423846
  0.561934
  0.755477
  0.978528
  1.181768
  1.346273
  1.452510
  0.000000
  0.066826
  0.152262
  0.236047
  0.305822
  0.348764
  0.353361
  0.345483
  0.388378
  0.491424
  0.697308
  0.895802
  1.041955
  0.000000
  0.104806
  0.228870
  0.414711
  0.751201
  1.233652
  1.767730
  2.207869
  2.313671
  2.372365
  2.483957
  2.413993
  2.426433
  0.000000
  0.068521
  0.120029
  0.186801
  0.309812
  0.485631
  0.704505
  0.766664
  0.761498
  1.292200
  2.909454
  3.862713
  4.051090
  0.000000
  0.093931
  0.181141
  0.306185
  0.549136
  0.895397
  1.341526
  1.891201
  2.373334
  2.507250
  2.319006
  2.038437
  1.917698
  0.000000
  0.084552
  0.130563
  0.215657
  0.385595
  0.624537
  0.910794
  1.116131
  1.278338
  1.906336
  2.258982
  2.686587
  2.793622
  0.000000
  0.045358
  0.089438
  0.137101
  0.202834
  0.287363
  0.439163
  0.941021
  1.065529
  1.220992
  1.348518
  1.445503
  1.441304
  0.000000
  0.054335
  0.108837
  0.168583
  0.266748
  0.425625
  0.583666
  0.768158
  1.138537
  1.985957
  2.070156
  2.280762
  2.420700
  0.000000
  0.048075
  0.096925
  0.155770
  0.253011
  0.409045
  0.604979
  0.805997
  0.960775
  1.053984
  1.114758
  1.117464
  1.101260
  0.000000
  0.049241
  0.087849
  0.109500
  0.121670
  0.193820
  0.294148
  0.482445
  0.688048
  0.891175
  1.024560
  1.281568
  1.496398
  0.000000
  0.093835
  0.257323
  0.489428
  0.756635
  0.950275
  1.029283
  1.059475
  1.665134
  2.388602
  2.946228
  3.326839
  3.970089
  0.000000
  0.031043
  0.064542
  0.263297
  0.547290
  0.770986
  1.239187
  2.808332
  3.540037
  3.674102
  3.273433
  3.113382
  3.592082
  0.000000
  0.089797
  0.262723
  0.562095
  0.959024
  1.389734
  1.686075
  1.896008
  1.761802
  1.522198
  1.398463
  1.549070
  1.691141
  0.000000
  0.058264
  0.107679
  0.157189
  0.192359
  0.236510
  1.193122
  1.628980
  2.180320
  2.383457
  2.358079
  2.309446
  2.029085
  0.000000
  0.035488
  0.066782
  0.070247
  0.112026
  0.219515
  0.354250
  0.506883
  0.639090
  0.743097
  0.824902
  0.874453
  0.910766
  0.000000
  0.041705
  0.118829
  0.246884
  0.422813
  0.576897
  0.904220
  1.064851
  1.288133
  1.471240
  1.552510
  1.540973
  1.404107
  0.000000
  0.047907
  0.138229
  0.274897
  0.433373
  0.565432
  0.671584
  0.750427
  0.798256
  0.825634
  0.837647
  0.967378
  1.037186
  0.000000
  0.019530
  0.111136
  0.271226
  0.475938
  0.710776
  0.907309
  1.048291
  1.188639
  1.275879
  1.289762
  1.266001
  1.219784
  0.460806
  1.942346
  3.600738
  5.525155
  7.391711
  9.151037
 11.091174
 12.991790
 15.131031
 18.185541
 21.962828
 25.065689
 27.058851
  0.776657
  1.476857
  2.488256
  3.135880
  3.482384
  3.750583
  4.432477
  6.279439
  8.833426
 11.529850
 14.539824
 17.534962
 21.040064
  1.067917
  1.682894
  3.113294
  4.673550
  6.574349
  9.083984
 11.215288
 12.793705
 13.988996
 15.494490
 17.984245
 21.117149
 23.901142
  0.413876
  1.487836
  2.517743
  3.408589
  4.619462
  6.314883
  8.875799
 11.559429
 13.924036
 16.452215
 20.818825
 26.892162
 33.074139
  1.000906
  1.852281
  3.612397
  5.782759
  8.055133
 10.348773
 12.324165
 13.859932
 15.118478
 16.496773
 19.041500
 22.345970
 25.521185
  1.153650
  1.858779
  3.443223
  5.597284
  8.158459
 10.866540
 13.255109
 15.051549
 16.438274
 18.146767
 21.052597
 24.882893
 28.449085
  0.538119
  1.669922
  3.093561
  5.479825
  8.299340
 10.764946
 11.631030
 11.405606
 10.525546
 10.047106
 12.865973
 19.447916
 26.830536
  1.106084
  1.852474
  3.462845
  5.433218
  8.013872
 10.630273
 12.866596
 14.577087
 15.936138
 17.621111
 20.385517
 23.906414
 27.229460
  0.646933
  1.682431
  2.382195
  3.184257
  4.107297
  5.407837
  7.475751
 11.153122
 16.296404
 21.541229
 25.536617
 28.083660
 29.167931
  0.715934
  1.869724
  3.224665
  4.640604
  6.490221
  8.802794
 12.071432
 17.063282
 22.955616
 28.789120
 34.210167
 37.505589
 38.450184
  1.282472
  1.816061
  2.758234
  4.050511
  5.291409
  6.512865
  8.147094
 10.938333
 14.792705
 19.191805
 22.879103
 26.127871
 28.300909
  0.635222
  1.689591
  2.983636
  4.224030
  5.933293
  8.293293
 13.743917
 22.565311
 30.649517
 34.180618
 36.296211
 37.361050
 36.425343
  1.219229
  1.903634
  3.117622
  4.579981
  5.975029
  7.437635
  9.498555
 13.001058
 17.840191
 22.949924
 27.190067
 31.056030
 33.720985
  1.232745
  1.883566
  3.051585
  4.504118
  5.854606
  7.170671
  8.931576
 12.037725
 16.423098
 21.461502
 25.779198
 29.541939
 32.220268
  1.287300
  1.997372
  3.350640
  5.028764
  6.585746
  8.095162
 10.124526
 13.673099
 18.588902
 24.074507
 28.555464
 32.381954
 34.723526
  0.601487
  1.552748
  2.424833
  3.332817
  4.085455
  5.339144
  7.245556
 10.912794
 16.430872
 21.944546
 25.573448
 27.107983
 30.176811
  0.703298
  1.401139
  2.406798
  3.466729
  5.589260
  9.373960
 14.923313
 21.422073
 26.395613
 29.082041
 30.526154
 30.580299
 29.539442
  0.547825
  1.433300
  2.500586
  3.361647
  5.486352
  8.974947
 13.912111
 20.076891
 26.392750
 32.317081
 37.012897
 39.507671
 39.295795
  0.482639
  1.329891
  2.248162
  2.632728
  3.953659
  6.126785
  9.400430
 13.904390
 19.003721
 24.735603
 30.137554
 33.438072
 33.040226
  0.738490
  1.251351
  2.102613
  3.396779
  5.979945
 10.493616
 16.758495
 23.506950
 28.148380
 30.686373
 31.645626
 30.843678
 28.689800
  1.171913
  1.392938
  2.388391
  4.073658
  6.924469
 11.168787
 16.655155
 22.204370
 26.808138
 30.377403
 32.345009
 31.932915
 29.099348
  1.274569
  1.520914
  2.443046
  4.050464
  6.828049
 10.856394
 16.129227
 21.562819
 26.077885
 29.664766
 31.908953
 32.119762
 29.753820
  1.253001
  1.465981
  2.408250
  4.019120
  6.875848
 11.109288
 16.621693
 22.267023
 26.962944
 30.443836
 32.269646
 31.760738
 28.762480
  1.301334
  1.547453
  2.489938
  4.098160
  6.831801
 10.832899
 16.146912
 21.722137
 26.427942
 30.266476
 33.003731
 33.862320
 32.221966
  0.830477
  1.675637
  3.158261
  5.360806
  8.613840
 12.275822
 16.181763
 20.489464
 24.275692
 25.849333
 25.295691
 24.091576
 23.302689
  1.003918
  2.048051
  4.166229
  7.017137
 10.826317
 15.295180
 20.166962
 25.269028
 29.995895
 32.949955
 33.286392
 32.256775
 31.509596
  0.631253
  1.587191
  3.102777
  5.315144
  7.846421
 10.854919
 14.291697
 18.512060
 23.568254
 28.690340
 31.338438
 31.453503
 31.148657
  0.988108
  1.763443
  3.599404
  6.475828
 10.431477
 14.653430
 19.274437
 24.220289
 28.415661
 30.604868
 30.773867
 30.216639
 30.255941
  1.346224
  2.027762
  4.370130
  7.814066
 11.792625
 15.787873
 19.826778
 23.478992
 25.801746
 25.987616
 24.433571
 23.074049
 22.908749
  1.408901
  2.132841
  4.407526
  7.616123
 11.327104
 15.109654
 18.948900
 22.399492
 24.680065
 24.899529
 23.375217
 21.992386
 21.894363
  0.295146
  1.384820
  2.588372
  3.585169
  5.129183
  6.854302
  9.079374
 12.282314
 16.476517
 20.529078
 22.708927
 22.670288
 21.545036
  1.382986
  2.105158
  4.202096
  7.256840
 10.917650
 14.682091
 18.594673
 22.290657
 25.077219
 26.094679
 25.417887
 24.715422
 25.233318
  0.518754
  2.032449
  3.730152
  5.334960
  7.040465
  9.158905
 11.474375
 13.720666
 15.605248
 17.908342
 20.673174
 22.814716
 22.862858
  1.001460
  2.177493
  4.450324
  6.955631
  9.361110
 11.570124
 13.527057
 15.068035
 16.280334
 19.230318
 23.494808
 26.602798
 27.519203
  0.889112
  2.058293
  4.033357
  6.475940
  8.772445
 11.192022
 13.848314
 16.582056
 19.333168
 23.016714
 27.582743
 30.674553
 31.058758
  0.962918
  1.902846
  3.952663
  6.065311
  8.465552
 10.765021
 13.088351
 15.296975
 17.514437
 20.181601
 24.290905
 28.042330
 29.109642
  1.039100
  1.742743
  3.207724
  4.898581
  6.645514
  8.378750
  9.840322
 11.056016
 12.241763
 13.944603
 17.215607
 21.270180
 24.313524
  1.035146
  1.639524
  3.228482
  5.164198
  7.114805
  9.062716
 10.742126
 12.157399
 13.114020
 14.890267
 18.613785
 23.518175
 27.137947
  1.050696
  1.690247
  3.351572
  5.342247
  7.339634
  9.272335
 10.899107
 12.284871
 13.157670
 14.591010
 17.568241
 21.557301
 25.176756
  1.161322
  1.768648
  3.412166
  5.410149
  7.428930
  9.508714
 11.462599
 13.136909
 14.511732
 16.584749
 20.463438
 24.773449
 27.631813
  1.029881
  1.395687
  1.683347
  2.060715
  2.581138
  3.146301
  4.088706
  6.099146
  9.039971
 12.218412
 14.890398
 16.790842
 17.691050
  1.138113
  1.613087
  1.905059
  2.240002
  2.440166
  2.905608
  3.334662
  4.563123
  6.869108
 10.489501
 15.188961
 19.823463
 23.816730
  0.995528
  1.443750
  1.822961
  2.182569
  2.666335
  3.227425
  3.946083
  5.442081
  7.977954
 11.165992
 14.379564
 17.573484
 20.475811
  1.103112
  1.801399
  2.159367
  2.631350
  3.163281
  3.625986
  4.453216
  6.379978
  9.715266
 14.254366
 18.788061
 22.074619
 24.290249
  1.124248
  1.714708
  2.598010
  3.772745
  4.990477
  6.430068
  8.654941
 12.603920
 17.909420
 22.982706
 27.120317
 30.304443
 32.032997
  1.155473
  1.678795
  2.331518
  3.241091
  4.228616
  5.492550
  7.527909
 11.054130
 15.829049
 19.981516
 22.504021
 24.006824
 24.120481
  1.128129
  1.694254
  2.552241
  3.708988
  4.917333
  6.338250
  8.484150
 12.087108
 17.000702
 21.945063
 25.730724
 29.213194
 31.658785
  1.119467
  1.695677
  2.457030
  3.527489
  4.697277
  6.076467
  8.284840
 12.219446
 16.900185
 20.671356
 22.972540
 23.894011
 23.351084
  1.160924
  1.557617
  2.069664
  2.900312
  4.121526
  6.230430
  9.282519
 12.674505
 15.373907
 17.265572
 18.572788
 18.582930
 17.440067
  1.145946
  1.371522
  1.721789
  2.324847
  3.555443
  5.611194
  8.946946
 13.314961
 17.542059
 20.759739
 21.722122
 20.840570
 18.038347
  1.213103
  1.344672
  1.901462
  2.709054
  4.251399
  6.807000
 10.379977
 14.488633
 18.570734
 22.001972
 24.139565
 24.264166
 21.995697
  1.028787
  1.391492
  1.885652
  2.658117
  4.360408
  7.447837
 11.864811
 16.445921
 19.719505
 22.163374
 23.302187
 22.770992
 20.433487
  1.186908
  1.442983
  2.176091
  3.675560
  6.485317
 10.605397
 15.371546
 20.534298
 24.828585
 27.888058
 30.025545
 31.032394
 31.011744
  1.153691
  1.456527
  2.178855
  3.524860
  6.096092
 10.119888
 14.755871
 19.078657
 22.705639
 25.648598
 27.466396
 27.827900
 27.347683
  1.263669
  1.488003
  2.414367
  4.081004
  6.983364
 11.223778
 16.365742
 21.458237
 25.927729
 29.376238
 31.847990
 32.729816
 31.823334
  0.625266
  2.346500
  4.111551
  6.486346
  9.868891
 13.501801
 14.649663
 15.738050
 12.108725
  8.764867
  9.362937
 14.754975
 18.683020
  1.388355
  1.977919
  3.912859
  7.040990
 10.718430
 13.983645
 16.597557
 18.664520
 19.568888
 19.035667
 17.962452
 17.089453
 17.175976
  1.132172
  1.832663
  3.369956
  6.271545
 10.342361
 12.421227
 11.726308
  9.926627
  7.450880
  6.007968
  5.939803
  5.960517
  6.228380
  1.440785
  1.941099
  3.762934
  6.827527
 10.859970
 15.052421
 19.350323
 23.221012
 25.339535
 24.802109
 22.561123
 19.672714
 16.731030
  0.770323
  1.458962
  2.140218
  2.740738
  3.396422
  4.395684
  5.000083
  6.549489
  7.704177
  7.814872
  7.013166
  6.392127
  7.355825
  1.279248
  2.080276
  4.138874
  6.835522
  9.919371
 13.043188
 15.838549
 18.554066
 20.675482
 21.861635
 22.079899
 21.659307
 21.097355
  1.303181
  1.970643
  3.950001
  6.924464
 10.088786
 12.857778
 15.654328
 18.927837
 21.471102
 23.085564
 23.643812
 23.554932
 23.647852
  1.385577
  1.980773
  3.994967
  7.049244
 10.475692
 13.714404
 16.715237
 19.452547
 21.232887
 21.866312
 21.857740
 21.735916
 22.112709
  0.372960
  1.430431
  2.799426
  3.648092
  4.998791
  6.272109
  7.888503
 10.042296
 11.938177
 12.933167
 12.566565
 11.243582
  9.345674
  0.555865
  2.185689
  4.183027
  6.372811
  8.731264
 11.314057
 13.910809
 16.056114
 17.669426
 19.721649
 22.686565
 25.803228
 28.310614
  0.365682
  1.425725
  2.479295
  2.863505
  3.750320
  4.444084
  5.618730
  7.852571
 10.482732
 14.157563
 19.174936
 24.662712
 29.570644
  1.027215
  1.590652
  2.939169
  4.648099
  6.565089
  9.151817
 11.433620
 13.141304
 14.450456
 16.065105
 18.730505
 22.135078
 25.163109
  0.371538
  1.420104
  2.372179
  3.171754
  4.262478
  5.514678
  6.866338
  8.956646
 12.883589
 19.738274
 30.344027
 40.982468
 48.546345
  0.963513
  1.766307
  3.482229
  5.656394
  7.977908
 10.346147
 12.385687
 13.961105
 15.224960
 16.617273
 19.227333
 22.640379
 25.940176
  1.122058
  1.767357
  3.347502
  5.582050
  8.300436
 11.253633
 13.920310
 15.969707
 17.607204
 19.599684
 23.015823
 27.435843
 31.677242
  1.049896
  1.952269
  3.864507
  6.237144
  8.776321
 11.435458
 13.808471
 15.566692
 16.893950
 18.416712
 21.037676
 24.321955
 27.329741
  1.077678
  1.780606
  3.310510
  5.212760
  7.769509
 10.408237
 12.710816
 14.468942
 15.867672
 17.598213
 20.443213
 24.046562
 27.468378
  0.609892
  1.629225
  2.406356
  3.272822
  4.351297
  5.810321
  8.301714
 12.725810
 18.588686
 23.985386
 27.851652
 30.002174
 30.594625
  0.683605
  1.838195
  3.137674
  4.522529
  6.108828
  8.309884
 11.607489
 17.173319
 24.136154
 31.079777
 37.145859
 40.503757
 40.904861
  1.299941
  1.818279
  2.780012
  4.149156
  5.491503
  6.811508
  8.566965
 11.615486
 15.910979
 20.809793
 24.792217
 28.379957
 30.770660
  0.524933
  1.761623
  3.111136
  4.210636
  5.804024
  7.801970
 12.879803
 21.899055
 31.141756
 36.001907
 38.808102
 40.316269
 40.085773
  1.228112
  1.884385
  3.061811
  4.489229
  5.866120
  7.318637
  9.395373
 12.937819
 17.833746
 22.994530
 27.284842
 31.261194
 33.982243
  1.264182
  1.926878
  3.187578
  4.766344
  6.261727
  7.718521
  9.668488
 13.100910
 17.978683
 23.501898
 28.152012
 32.261036
 34.982964
  0.684038
  1.816064
  3.249314
  4.320018
  5.352369
  6.366810
  8.097125
 11.613671
 16.585970
 21.305582
 24.817989
 29.275564
 41.165150
  1.201213
  1.856138
  3.078260
  4.563758
  5.974571
  7.368157
  9.225265
 12.496182
 17.147049
 22.602243
 27.473644
 31.880890
 35.032055
  0.669605
  1.337125
  2.330772
  3.449379
  5.778183
  9.891796
 15.821579
 22.718407
 27.638847
 30.187401
 31.485712
 31.538017
 30.441368
  0.563349
  1.421376
  2.454371
  3.297112
  5.375821
  8.809860
 13.713847
 19.945723
 26.472300
 32.753139
 37.842091
 40.621937
 40.421867
  0.500074
  1.336968
  2.286078
  2.713217
  4.106305
  6.430017
  9.887447
 14.772614
 20.282642
 26.180620
 31.427534
 34.344852
 33.724689
  0.722685
  1.287890
  2.147488
  3.433726
  6.015516
 10.586564
 16.983109
 24.047850
 29.031193
 31.829206
 33.008961
 32.375313
 30.272385
  1.249987
  1.451289
  2.398285
  4.105636
  7.046831
 11.426998
 17.091400
 22.805679
 27.502573
 31.160139
 33.154575
 32.556015
 29.523296
  1.298879
  1.505739
  2.359381
  3.940741
  6.784862
 11.087810
 16.823317
 22.703163
 27.635509
 31.608421
 33.752296
 33.334362
 30.428595
  1.173879
  1.391279
  2.313692
  3.872580
  6.691245
 10.869097
 16.315018
 21.864361
 26.478512
 29.933456
 31.982191
 31.807133
 28.974190
  1.314951
  1.517211
  2.433903
  4.013459
  6.761333
 10.958012
 16.635815
 22.596598
 27.618307
 31.782980
 34.403404
 34.701019
 32.413929
  0.854562
  1.636689
  3.314567
  5.889414
  9.378903
 13.041500
 16.950512
 20.980556
 24.373709
 25.744911
 25.391113
 24.468653
 23.969564
  1.227346
  2.136094
  3.914803
  6.411230
  9.686849
 13.320342
 17.558462
 22.404530
 27.360220
 31.615862
 33.448284
 33.282417
 33.144321
  0.660594
  1.521412
  2.856135
  4.967720
  7.126846
  9.891891
 13.130695
 16.973293
 21.439924
 26.509172
 29.996134
 30.969421
 31.224440
  1.049900
  1.897480
  3.475059
  5.647489
  8.936979
 12.778339
 17.248791
 22.484011
 27.521633
 30.363804
 30.730539
 30.291315
 31.022758
  1.348188
  2.052223
  4.445816
  7.909078
 11.846127
 15.803091
 19.798372
 23.426418
 25.742384
 25.968388
 24.458342
 23.126261
 22.993341
  1.381283
  2.137275
  4.419580
  7.599479
 11.272755
 15.050775
 18.919123
 22.393253
 24.698086
 24.926676
 23.417360
 22.052288
 21.990767
  0.325761
  1.434783
  2.749967
  4.016844
  6.015736
  8.253821
 10.970278
 14.980957
 19.460531
 23.104794
 24.317924
 23.405567
 21.664547
  1.399512
  2.104412
  4.208895
  7.246204
 10.865382
 14.637737
 18.621410
 22.456785
 25.314325
 26.285999
 25.542297
 24.793480
 25.332912
  0.529176
  2.148773
  4.145220
  6.067047
  8.173560
 10.633766
 13.247910
 15.544964
 17.408724
 19.665403
 22.453335
 24.402969
 24.237179
  0.953010
  2.198797
  4.515429
  7.099787
  9.573421
 11.859588
 13.893070
 15.445037
 16.662247
 19.600069
 23.756048
 27.202436
 28.697838
  0.885395
  2.050169
  4.119705
  6.660270
  8.978039
 11.554132
 14.397431
 17.325514
 20.223438
 23.907589
 28.601135
 32.084045
 32.976067
  0.981670
  1.935397
  4.067660
  6.141134
  8.444468
 10.745032
 13.090533
 15.367870
 17.586821
 20.144457
 24.172037
 28.035162
 29.296061
  1.052376
  1.795251
  3.447174
  5.415576
  7.478687
  9.498929
 11.184196
 12.615575
 13.799479
 15.615526
 19.271173
 23.901718
 27.669544
  1.079748
  1.674589
  3.336218
  5.351569
  7.343669
  9.349013
 11.078424
 12.467869
 13.373702
 15.125264
 18.858839
 23.783182
 27.425226
  1.054728
  1.657124
  3.363803
  5.403936
  7.435572
  9.417130
 11.080140
 12.486564
 13.331609
 14.775807
 17.812201
 21.895340
 25.609081
  1.139107
  1.768782
  3.549496
  5.733542
  7.983042
 10.316512
 12.492200
 14.369820
 15.719979
 17.957232
 22.210968
 27.130194
 30.752813
  0.969291
  1.768028
  2.370947
  3.132877
  4.085592
  5.557808
  8.137927
 12.815267
 18.048552
 20.904203
 21.486414
 32.564064
 23.001299
  1.151519
  1.628022
  1.925460
  2.304647
  2.516872
  3.009617
  3.482624
  4.793229
  7.229170
 11.081612
 15.950727
 20.777111
 24.978241
  1.086935
  1.605460
  2.107547
  2.743514
  3.468810
  4.197202
  5.129566
  7.039444
 10.127750
 13.964027
 17.810385
 21.832813
 25.513056
  1.106979
  1.796121
  2.201817
  2.696298
  3.235502
  3.686019
  4.539989
  6.534037
  9.948812
 14.531285
 19.108379
 22.422197
 24.652689
  1.188489
  1.777017
  2.717589
  3.936083
  5.186986
  6.645034
  8.913128
 12.903744
 18.234730
 23.299828
 27.368311
 30.504084
 32.163925
  1.196938
  1.808449
  2.827567
  4.118989
  5.467135
  7.031364
  9.392080
 13.542873
 19.089333
 23.978725
 27.154240
 29.439062
 30.385864
  1.175083
  1.757378
  2.692930
  3.906581
  5.139122
  6.577563
  8.791369
 12.467033
 17.341446
 22.280897
 26.157099
 29.870848
 32.540573
  1.134860
  1.714147
  2.716550
  4.075912
  5.521059
  7.136860
  9.683554
 14.154032
 19.577665
 24.136150
 27.023346
 28.448761
 28.257816
  1.205225
  1.584199
  2.151546
  3.063902
  4.709150
  7.552781
 11.633680
 16.029589
 19.527815
 21.899475
 23.514486
 23.697401
 22.545712
  1.138871
  1.351722
  1.781502
  2.432326
  3.745968
  6.006762
  9.609834
 14.292684
 18.848135
 22.441675
 23.836302
 23.355938
 20.719852
  1.235805
  1.414022
  2.050606
  3.041994
  5.028903
  8.169363
 12.488906
 17.383778
 22.345535
 26.644178
 29.524939
 30.326248
 28.559994
  1.039990
  1.395858
  1.906831
  2.690039
  4.414752
  7.526476
 11.979955
 16.603813
 19.918049
 22.385302
 23.537689
 23.022800
 20.694849
  0.747109
  2.001344
  4.024327
  6.416674
  9.589892
 11.510047
  9.989561
  8.831487
  8.668105
 10.740878
 17.356050
 23.241631
 25.414257
  1.192942
  1.462030
  2.240317
  3.637888
  6.332660
 10.434993
 15.103357
 19.464750
 23.172396
 26.165522
 27.998053
 28.371513
 27.892687
  1.259802
  1.478191
  2.369278
  3.981370
  6.814780
 11.005043
 16.151922
 21.358456
 26.037178
 29.751839
 32.503860
 33.587250
 32.521942
  0.534159
  2.183393
  4.094833
  6.369594
  9.656025
 12.796454
 13.195913
 11.895822
  9.243819
  7.368583
  9.438190
 15.737355
 19.492880
  1.396527
  1.975145
  3.922284
  7.069280
 10.774708
 14.098270
 16.795479
 18.978743
 19.991499
 19.532284
 18.502451
 17.678934
 17.858738
  1.295542
  1.607600
  2.862192
  5.379148
  8.298884
 10.802535
 12.423482
 12.153047
 10.833396
  9.553235
  8.739493
  8.872325
  9.146926
  1.444802
  1.953068
  3.848958
  7.029697
 11.209927
 15.532595
 19.977709
 24.015350
 26.299664
 25.874310
 23.707417
 20.865686
 17.803329
  0.632652
  1.374117
  1.992022
  2.783773
  3.781076
  5.009494
  5.642037
  6.951652
  7.575739
  7.286275
  6.485579
  6.297446
  7.786100
  1.304700
  2.087817
  4.335405
  7.363688
 10.785598
 14.177869
 17.206154
 20.129810
 22.325481
 23.538464
 23.737211
 23.298641
 22.760159
  1.318582
  1.970920
  3.930439
  6.890021
 10.118934
 12.951159
 15.734508
 18.985804
 21.613848
 23.317158
 23.930378
 23.897844
 24.104370
  1.403590
  2.080174
  4.428804
  8.003606
 12.056613
 15.904632
 19.483131
 22.743786
 24.916908
 25.721817
 25.712378
 25.316095
 25.696852
  0.955594
  1.498362
  2.471886
  3.764722
  5.453650
  7.137979
  8.814766
 10.969604
 13.513564
 15.226969
 15.997802
 15.983109
 15.605325
